name: index
channels:
  - conda-forge
  - bioconda
  - defaults
dependencies:
  - _libgcc_mutex=0.1=conda_forge
  - _openmp_mutex=4.5=1_gnu
  - biscuit=1.0.1.20211018=h81a5ba2_0
  - bwa=0.7.17=h5bf99c6_8
  - c-ares=1.17.2=h7f98852_0
  - ca-certificates=2021.10.8=ha878542_0
  - krb5=1.19.2=hcc1bbae_2
  - libcurl=7.79.1=h2574ce0_1
  - libedit=3.1.20191231=he28a2e2_2
  - libev=4.33=h516909a_1
  - libgcc-ng=11.2.0=h1d223b6_11
  - libgomp=11.2.0=h1d223b6_11
  - libnghttp2=1.43.0=h812cca2_1
  - libpng=1.6.37=h21135ba_2
  - libssh2=1.10.0=ha56f1ee_2
  - libstdcxx-ng=11.2.0=he4da1e4_11
  - libuuid=2.32.1=h7f98852_1000
  - libzlib=1.2.11=h36c2ea0_1013
  - mysql-connector-c=6.1.11=h6eb9d5d_1007
  - ncurses=6.2=h58526e2_4
  - openssl=1.1.1l=h7f98852_0
  - perl=5.32.1=1_h7f98852_perl5
  - tk=8.6.11=h27826a3_1
  - ucsc-twobittofa=377=h0b8a92a_3
  - zlib=1.2.11=h36c2ea0_1013
prefix: /varidata/research/projects/laird/nathan/tools/miniconda3/envs/index